creditLimit:17281956
creditLower:5000000.0
creditRating:0.87831078
gold:1243466.7
horses:1281.1678
hsHealth:0.67615365
loan:16326162
lnFallow:622.69321
lnGrown:69.819948
lnRipe:126.38228
lnSewn:23.596159
manure:6412.0368
overseers:2000.0000
ovPress:1.7528382
oxen:2132.5167
oxHealth:0.60617738
pyStones:7068.2481
slaves:17245.347
slHealth:0.86838646
wheat:116829.11
wtGrown:280356.25
wtRipe:408575.29
wtSewn:124641.94
month:6.0000000
year:4.0000000
hsFeedRt:80.000000
lnToSew:130.00000
mnToSprd:650.00000
oxFeedRt:100.00000
pyQuota:0.0000000
pyBase:300.00000
pyHeight:24.738620
slFeedRt:9.5000000
olWt:106566.07
olSl:20000.000
olHs:1605.9239
olOx:2697.5011
olMn:8016.7865
oldGold:2362010.3
wtPrice:25.730819
slPrice:367.20936
lnPrice:3743.1744
oxPrice:230.61714
hsPrice:145.53260
mnPrice:52.647614
ovPay:377.82211
inflation:0.0016669631
banker:1001.0000
goodGuy:1000.0000
badGuy:1002.0000
dumbGuy:1003.0000
worldGrowth:0.15000000
slSupply:3328.6379
slDemand:16641.647
slProduction:7149.3533
hsSupply:11059.429
hsDemand:166416.47
hsProduction:132713.15
oxSupply:10775.866
oxDemand:166416.47
oxProduction:129310.39
wtSupply:1158144.9
wtDemand:16641647
wtProduction:13897738
lnSupply:110.44999
lnDemand:1664.1647
lnProduction:1325.3998
mnSupply:9352.0768
mnDemand:166416.47
mnProduction:112224.92
contOffer:00 00 00 00 00 02 00 05 40 e7 d0 20 00 00 00 00 41 3b e1 18 aa 85 1d 29 00 1d 00 00 00 00 00 00 00 00 00 00 00 01 00 08 00 06 40 ad b6 00 00 00 00 00 41 5d 00 0f 00 00 00 00 00 12 00 00 00 00 00 00 00 00 00 00 00 01 00 08 00 04 40 be c2 00 00 00 00 00 41 21 74 7d 7a 78 9f 44 00 14 00 00 00 00 00 00 00 00 00 01 00 01 00 08 00 03 40 ce e6 00 00 00 00 00 41 3c ec 43 fa 5a 7f a8 00 16 00 00 00 00 00 00 00 00 00 01 00 01 00 07 00 04 40 a9 86 00 00 00 00 00 41 0f 4c ae 03 71 46 e2 00 1a 00 00 00 00 00 00 00 00 00 01 00 01 00 00 00 05 40 e4 63 a0 00 00 00 00 41 2d 3e ed bb de de b5 00 0e 00 00 00 00 00 00 00 00 00 00 00 01 00 02 00 06 40 b5 f4 00 00 00 00 00 41 69 76 d9 15 ae e1 f2 00 0e 00 00 00 00 00 00 00 00 00 01 00 01 00 01 00 06 40 aa 80 00 00 00 00 00 41 47 e5 0a b4 3e f5 6d 00 08 00 00 00 00 00 00 00 00 00 00 00 01 00 02 00 02 40 f2 b5 c0 00 00 00 00 41 82 3d d2 65 b1 e7 4e 00 1b 00 00 00 00 00 00 00 00 00 01 00 01 00 05 00 05 40 de ba 80 00 00 00 00 41 29 35 a5 69 1c 50 61 00 0d 00 00 00 00 00 00 00 00 00 01 00 00 00 06 00 01 41 30 b7 2f 00 00 00 00 41 77 aa e2 cd 2f 24 ee 00 22 00 00 00 00 00 00 00 00 00 00 00 01 00 05 00 04 40 bf d1 00 00 00 00 00 41 44 41 07 d3 5a ac 02 00 18 00 00 00 00 00 00 00 00 00 00 00 01 00 05 00 06 40 b4 bf 00 00 00 00 00 41 7b d0 3a d3 d7 92 44 00 0a 00 00 00 00 00 00 00 00 00 00 00 01 00 00 00 02 41 01 11 08 00 00 00 00 41 a1 7d 29 e0 a0 86 12 00 12 00 00 00 00 00 00 00 00 00 01 00 01 00 00 00 03 40 ce 15 00 00 00 00 00 41 34 30 4e 3a 94 5d b4 00 15 00 00 00 00 00 00 00 00 
contPend:00 01 00 01 00 06 00 01 41 30 b7 2f 00 00 00 00 41 77 aa e2 cd 2f 24 ee 00 22 00 00 00 00 00 00 00 00 00 00 00 01 00 02 00 05 40 e7 d0 20 00 00 00 00 41 3b e1 18 aa 85 1d 29 00 1d 00 00 00 00 00 00 00 00 00 00 00 00 00 00 00 00 00 00 00 00 00 00 00 00 00 00 00 00 00 00 00 00 00 00 00 00 00 00 00 00 00 00 00 00 00 00 00 00 00 00 00 00 00 00 00 00 00 00 00 00 00 00 00 00 00 00 00 00 00 00 00 00 00 00 00 00 00 00 00 00 00 00 00 00 00 00 00 00 00 00 00 00 00 00 00 00 00 00 00 00 00 00 00 00 00 00 00 00 00 00 00 00 00 00 00 00 00 00 00 00 00 00 00 00 00 00 00 00 00 00 00 00 00 00 00 00 00 00 00 00 00 00 00 00 00 00 00 00 00 00 00 00 00 00 00 00 00 00 00 00 00 00 00 00 00 00 00 00 00 00 00 00 00 00 00 00 00 00 00 00 00 00 00 00 00 00 00 00 00 00 00 00 00 00 00 00 00 00 00 00 00 00 00 00 00 00 00 00 00 00 00 00 00 00 00 00 00 00 00 00 00 00 00 00 00 00 00 00 00 00 00 00 00 00 00 00 00 00 00 00 00 00 00 00 00 00 00 00 00 00 00 00 00 00 00 00 00 00 00 00 00 00 00 00 00 00 00 00 00 00 00 00 00 00 00 00 00 00 00 00 
players:4b 69 6e 67 20 48 61 6d 75 4e 61 6d 00 00 00 00 00 00 00 00 3f ec 54 ca 34 ac 54 ca 3f ec 2a d8 55 cc 2a d8 3f ef e4 d7 9e 71 7e 71 52 65 67 65 6e 74 20 4b 61 72 61 64 61 00 00 00 00 00 00 00 3f ec 36 a3 a4 4c 36 a4 3f ea 72 5a dd aa 72 5b 3f ef fa 1b 16 66 60 81 54 61 72 7a 61 6e 00 00 00 00 00 00 00 00 00 00 00 00 00 00 3f ee 93 70 3b 4e 93 70 3f e5 c8 b9 04 a5 c8 b9 3f ef de b5 db 0e 45 1c 4a 6f 72 2d 45 6c 20 4b 72 79 70 74 6f 6e 00 00 00 00 00 00 3f e6 75 89 82 86 75 8a 3f eb 08 5c 92 bb 08 5c 3f ef 6d 7b a5 81 07 15 53 61 74 61 6a 20 4b 61 6d 70 6f 6f 6c 69 00 00 00 00 00 00 3f ed bb 4e 60 9d bb 4e 3f ef e7 62 14 ff e7 62 3f ef 9c e7 31 ea d0 1a 41 6b 6d 61 64 20 47 61 6e 64 61 72 00 00 00 00 00 00 00 00 3f ec a3 dc 32 4c a3 dc 3f ef 41 60 64 8f 41 60 3f ef f7 d0 b0 57 f7 d1 54 61 6e 6a 6f 75 20 64 27 41 72 61 6e 6f 6d 00 00 00 00 00 3f ec c8 29 64 dc c8 2a 3f e6 08 43 65 46 08 44 3f ef b9 8d c4 c4 86 5a 47 6f 72 74 20 6f 66 20 47 72 75 74 68 6f 73 00 00 00 00 00 3f ec 5a ac 5c ac 5a ac 3f ef 0a 7a 7e af 0a 7a 3f ef 72 f7 b9 21 0c 91 47 75 65 6c 61 72 20 6f 66 20 58 61 70 74 75 00 00 00 00 00 3f eb 86 6a 33 2b 86 6a 3f ee 9d 8a 71 7e 9d 8a 3f ef 78 9a ac 44 45 67 47 61 6e 7a 61 6f 6c 61 20 70 75 00 00 00 00 00 00 00 00 00 3f ee c0 14 e8 4e c0 15 3f e1 b0 64 55 61 b0 64 3f ef e5 aa ad e4 b2 77 
